dataset,ml1m
gpu,0
k,10
num_epochs,2000
print_freq,50
train_dir,default

There are 6040 users 3416 items 

Average sequence length: 163.49850993377484

Maximum length of sequence: 2275

--- Starting trial: run-0
{'learning rate': 0.0005, 'max len': 50, 'batch size': 128, 'user hidden units': 50, 'item hidden units': 50, 'num blocks': 2, 'num heads': 1, 'dropout rate': 0.2, 'sse prob user': 0.08, 'sse prob item': 0.08, 'l2 emb': 0.0}
[0, 0.0, 0.04482, 0.09768, 0.04536, 0.09868],
[50, 43.55, 0.22325, 0.40083, 0.21567, 0.38725],
[100, 165.51, 0.23414, 0.42798, 0.23574, 0.43162],
[150, 366.39, 0.23917, 0.43179, 0.23809, 0.43841],
[200, 645.63, 0.24515, 0.43874, 0.24592, 0.44437],
[250, 1003.21, 0.25238, 0.44917, 0.25214, 0.44685],
[300, 1438.53, 0.25895, 0.44983, 0.25895, 0.45927],
[350, 1952.69, 0.26562, 0.45977, 0.26848, 0.46474],
[400, 2545.42, 0.26329, 0.45911, 0.27164, 0.47268],
[450, 3217.36, 0.27025, 0.46656, 0.27090, 0.46772],
[500, 3967.50, 0.27587, 0.47401, 0.27426, 0.47285],
[550, 4796.35, 0.27682, 0.47566, 0.27729, 0.46606],
[600, 5704.42, 0.27695, 0.47384, 0.27967, 0.47666],
[650, 6690.34, 0.27827, 0.47864, 0.28048, 0.48030],
[700, 7754.27, 0.28114, 0.47980, 0.28279, 0.47980],
[750, 8896.44, 0.28382, 0.48659, 0.28446, 0.48411],
[800, 10116.68, 0.28414, 0.48791, 0.28226, 0.48113],
[850, 11415.02, 0.28254, 0.48311, 0.27923, 0.47964],
[900, 12791.50, 0.28478, 0.48692, 0.28260, 0.48709],
[950, 14246.79, 0.28259, 0.48328, 0.28505, 0.48146],
[1000, 15780.73, 0.28323, 0.48543, 0.28098, 0.47533],
[1050, 17393.21, 0.28368, 0.48543, 0.28446, 0.48444],
[1100, 19084.06, 0.28676, 0.48510, 0.28370, 0.47997],
[1150, 20853.15, 0.28278, 0.48146, 0.28204, 0.48146],
[1200, 22700.16, 0.28752, 0.48510, 0.28552, 0.48642],
[1250, 24624.83, 0.28821, 0.48841, 0.28590, 0.48477],
[1300, 26628.40, 0.28676, 0.48444, 0.28385, 0.48228],
[1350, 28710.29, 0.29193, 0.49652, 0.28186, 0.48063],
[1400, 30870.37, 0.29325, 0.49917, 0.28587, 0.48808],
[1450, 33108.84, 0.29344, 0.49702, 0.28533, 0.48510],
[1500, 35425.70, 0.28943, 0.48593, 0.28249, 0.47798],
[1550, 37820.09, 0.29109, 0.49172, 0.28584, 0.48179],
[1600, 40292.18, 0.29076, 0.49354, 0.28596, 0.49106],
[1650, 42842.40, 0.29124, 0.49255, 0.28916, 0.49040],
[1700, 45470.81, 0.29312, 0.49238, 0.28996, 0.48874],
[1750, 48177.67, 0.29973, 0.50728, 0.29562, 0.50033],
[1800, 50962.73, 0.29804, 0.49983, 0.29426, 0.49338],
[1850, 53825.89, 0.29391, 0.49387, 0.29524, 0.49685],
[1900, 56766.45, 0.30187, 0.50728, 0.29891, 0.50364],
[1950, 59785.36, 0.30474, 0.50778, 0.29834, 0.50215],
[2000, 62882.32, 0.30508, 0.51175, 0.29583, 0.49851],
--- Starting trial: run-1
{'learning rate': 0.0005, 'max len': 50, 'batch size': 128, 'user hidden units': 50, 'item hidden units': 50, 'num blocks': 2, 'num heads': 1, 'dropout rate': 0.2, 'sse prob user': 0.08, 'sse prob item': 0.9, 'l2 emb': 0.0}
[0, 0.0, 0.04409, 0.09586, 0.04558, 0.09950],
[50, 27.64, 0.50912, 0.76639, 0.48716, 0.74520],
[100, 119.48, 0.57433, 0.81258, 0.54353, 0.78659],
[150, 274.43, 0.59042, 0.82450, 0.56489, 0.79487],
[200, 494.21, 0.60336, 0.82649, 0.57341, 0.80861],
[250, 778.02, 0.60569, 0.83212, 0.58351, 0.81291],
[300, 1125.35, 0.60777, 0.82815, 0.58105, 0.80497],
[350, 1537.45, 0.61358, 0.83212, 0.58264, 0.80745],
[400, 2013.34, 0.61762, 0.83626, 0.58191, 0.80762],
[450, 2553.23, 0.61408, 0.83262, 0.58496, 0.81308],
[500, 3157.24, 0.61500, 0.83659, 0.58581, 0.80844],
[550, 3825.50, 0.61310, 0.83394, 0.59150, 0.81474],
[600, 4556.98, 0.61966, 0.83924, 0.58967, 0.81192],
[650, 5351.72, 0.61616, 0.83444, 0.59079, 0.81258],
[700, 6211.09, 0.61873, 0.83858, 0.59053, 0.81341],
[750, 7134.86, 0.61931, 0.83543, 0.59606, 0.81341],
[800, 8122.60, 0.61542, 0.83493, 0.59358, 0.81325],
[850, 9174.15, 0.61794, 0.83891, 0.59145, 0.80927],
[900, 10290.96, 0.62275, 0.83825, 0.59100, 0.81060],
[950, 11471.77, 0.61716, 0.83775, 0.59316, 0.81407],
[1000, 12716.25, 0.62336, 0.84056, 0.59109, 0.80828],
[1050, 14024.15, 0.62118, 0.83808, 0.59412, 0.81010],
[1100, 15395.58, 0.62235, 0.83924, 0.59041, 0.80993],
[1150, 16831.29, 0.62490, 0.84106, 0.59131, 0.81209],
[1200, 18330.74, 0.62016, 0.83709, 0.59210, 0.80993],
[1250, 19895.14, 0.62290, 0.83609, 0.59314, 0.80778],
[1300, 21523.36, 0.62503, 0.84007, 0.59200, 0.81424],
[1350, 23215.08, 0.62425, 0.83543, 0.59286, 0.81109],
[1400, 24970.28, 0.61678, 0.83593, 0.59428, 0.81225],
[1450, 26789.25, 0.62296, 0.83642, 0.59327, 0.81242],
[1500, 28671.49, 0.62400, 0.83642, 0.58817, 0.81209],
[1550, 30616.66, 0.62286, 0.83543, 0.59123, 0.80944],
[1600, 32627.01, 0.62161, 0.83377, 0.59561, 0.81043],
[1650, 34701.35, 0.62251, 0.83593, 0.59086, 0.81010],
[1700, 36839.62, 0.62557, 0.84007, 0.59331, 0.81225],
[1750, 39041.27, 0.62219, 0.83874, 0.59345, 0.81291],
[1800, 41306.20, 0.62269, 0.83460, 0.59269, 0.81010],
[1850, 43634.94, 0.62547, 0.84073, 0.59339, 0.81159],
[1900, 46027.00, 0.62316, 0.84305, 0.59432, 0.81159],
[1950, 48482.87, 0.62611, 0.83642, 0.59347, 0.81175],
[2000, 51003.22, 0.62483, 0.84040, 0.59086, 0.81076],
--- Starting trial: run-2
{'learning rate': 0.0005, 'max len': 50, 'batch size': 128, 'user hidden units': 50, 'item hidden units': 50, 'num blocks': 2, 'num heads': 1, 'dropout rate': 0.2, 'sse prob user': 0.9, 'sse prob item': 0.08, 'l2 emb': 0.0}
[0, 0.0, 0.04535, 0.09851, 0.04868, 0.10364],
[50, 43.55, 0.22769, 0.41209, 0.22892, 0.41556],
[100, 166.99, 0.23074, 0.42301, 0.23142, 0.42235],
[150, 369.42, 0.23680, 0.42864, 0.23471, 0.42732],
[200, 651.54, 0.25113, 0.45364, 0.25262, 0.45232],
[250, 1013.56, 0.26229, 0.47136, 0.26158, 0.47417],
[300, 1454.54, 0.27642, 0.48940, 0.27257, 0.48328],
[350, 1974.71, 0.29283, 0.50430, 0.28946, 0.49884],
[400, 2574.65, 0.30634, 0.52848, 0.30472, 0.52599],
[450, 3254.11, 0.31575, 0.53725, 0.30688, 0.53295],
[500, 4012.51, 0.32385, 0.55066, 0.31259, 0.54040],
[550, 4850.32, 0.32366, 0.55182, 0.31875, 0.55199],
[600, 5767.08, 0.33248, 0.56291, 0.33314, 0.56606],
[650, 6763.39, 0.33542, 0.55977, 0.33025, 0.55911],
[700, 7839.71, 0.34549, 0.57997, 0.33652, 0.56821],
[750, 8995.57, 0.34321, 0.57748, 0.33927, 0.57748],
[800, 10230.25, 0.34903, 0.58493, 0.34427, 0.58576],
[850, 11544.84, 0.35175, 0.58709, 0.34404, 0.58212],
[900, 12939.18, 0.35803, 0.59768, 0.35177, 0.59023],
[950, 14413.35, 0.35558, 0.59056, 0.34881, 0.58825],
[1000, 15967.29, 0.35474, 0.59139, 0.34651, 0.58742],
[1050, 17599.99, 0.35932, 0.59967, 0.35014, 0.58642],
[1100, 19312.84, 0.36445, 0.60348, 0.35324, 0.59189],
[1150, 21104.71, 0.36263, 0.60281, 0.35207, 0.59437],
[1200, 22975.26, 0.36490, 0.59834, 0.35846, 0.59603],
[1250, 24925.21, 0.36753, 0.60844, 0.36325, 0.60464],
[1300, 26954.37, 0.37275, 0.61093, 0.36238, 0.60348],
[1350, 29063.13, 0.37058, 0.61142, 0.36219, 0.59967],
[1400, 31251.50, 0.37144, 0.61109, 0.36685, 0.60563],
[1450, 33518.65, 0.37463, 0.62202, 0.36547, 0.60364],
[1500, 35865.39, 0.37939, 0.62599, 0.37075, 0.61656],
[1550, 38290.81, 0.38330, 0.62715, 0.37017, 0.61192],
[1600, 40795.41, 0.38442, 0.62930, 0.37178, 0.61291],
[1650, 43379.13, 0.38361, 0.62881, 0.37531, 0.61788],
[1700, 46042.48, 0.38215, 0.63079, 0.37406, 0.61805],
[1750, 48784.98, 0.38993, 0.63825, 0.37574, 0.62003],
[1800, 51606.43, 0.38922, 0.64288, 0.37890, 0.62566],
[1850, 54506.62, 0.38922, 0.64387, 0.37400, 0.62401],
[1900, 57486.09, 0.39702, 0.64470, 0.38151, 0.62583],
[1950, 60545.27, 0.39456, 0.64570, 0.38049, 0.63129],
[2000, 63683.84, 0.39511, 0.64818, 0.38140, 0.62732],
--- Starting trial: run-3
{'learning rate': 0.0005, 'max len': 50, 'batch size': 128, 'user hidden units': 50, 'item hidden units': 50, 'num blocks': 2, 'num heads': 1, 'dropout rate': 0.2, 'sse prob user': 0.9, 'sse prob item': 0.9, 'l2 emb': 0.0}
[0, 0.0, 0.04618, 0.10315, 0.04465, 0.09934],
[50, 28.90, 0.52071, 0.77831, 0.49118, 0.74553],
[100, 123.43, 0.57900, 0.81689, 0.55049, 0.78791],
[150, 282.38, 0.58850, 0.81921, 0.56225, 0.79818],
[200, 506.14, 0.59646, 0.82185, 0.56920, 0.79884],
[250, 796.22, 0.60293, 0.82401, 0.57014, 0.80083],
[300, 1152.55, 0.60300, 0.82434, 0.57338, 0.80199],
[350, 1572.84, 0.60557, 0.82599, 0.57364, 0.79917],
[400, 2057.95, 0.60148, 0.82020, 0.57233, 0.79901],
[450, 2607.49, 0.60041, 0.82219, 0.57377, 0.79868],
[500, 3221.85, 0.60382, 0.82268, 0.56975, 0.79603],
[550, 3900.84, 0.60252, 0.81788, 0.57090, 0.79255],
[600, 4646.14, 0.60017, 0.82086, 0.57007, 0.79056],
[650, 5456.07, 0.60536, 0.82318, 0.56996, 0.79205],
[700, 6330.80, 0.60341, 0.81788, 0.56975, 0.79205],
[750, 7269.91, 0.59888, 0.81623, 0.56760, 0.78742],
[800, 8275.45, 0.60383, 0.81374, 0.57087, 0.79056],
[850, 9346.20, 0.59847, 0.81341, 0.57061, 0.79073],
[900, 10481.45, 0.59847, 0.81358, 0.56661, 0.78791],
[950, 11681.14, 0.59796, 0.81623, 0.56622, 0.78891],
[1000, 12944.56, 0.59441, 0.81192, 0.56682, 0.78858],
[1050, 14272.27, 0.59600, 0.80828, 0.56591, 0.78411],
[1100, 15664.93, 0.59644, 0.81043, 0.56637, 0.78725],
[1150, 17121.71, 0.59570, 0.80944, 0.56315, 0.78228],
[1200, 18644.65, 0.59970, 0.81291, 0.56238, 0.78063],
[1250, 20232.13, 0.59562, 0.80811, 0.56075, 0.78278],
[1300, 21883.79, 0.59582, 0.80993, 0.55801, 0.77765],
[1350, 23600.59, 0.59658, 0.81109, 0.55950, 0.78195],
[1400, 25381.64, 0.59352, 0.81159, 0.55668, 0.77930],
[1450, 27227.10, 0.59257, 0.80613, 0.55978, 0.77930],
[1500, 29139.73, 0.59397, 0.80629, 0.56139, 0.77997],
[1550, 31117.43, 0.59248, 0.80513, 0.55964, 0.77897],
[1600, 33159.63, 0.58895, 0.80381, 0.56068, 0.77964],
[1650, 35265.64, 0.59189, 0.80695, 0.55418, 0.77583],
[1700, 37436.95, 0.59033, 0.80149, 0.55622, 0.77699],
[1750, 39671.96, 0.58868, 0.80728, 0.55421, 0.77666],
[1800, 41971.79, 0.58731, 0.80331, 0.55210, 0.77434],
[1850, 44336.70, 0.58944, 0.80066, 0.55494, 0.77616],
[1900, 46766.65, 0.59120, 0.80960, 0.55468, 0.77666],
[1950, 49261.36, 0.59487, 0.80679, 0.55301, 0.77566],
[2000, 51819.49, 0.59042, 0.80679, 0.55495, 0.77914],
--- Starting trial: run-4
{'learning rate': 0.0005, 'max len': 50, 'batch size': 128, 'user hidden units': 50, 'item hidden units': 50, 'num blocks': 5, 'num heads': 1, 'dropout rate': 0.2, 'sse prob user': 0.08, 'sse prob item': 0.08, 'l2 emb': 0.0}
[0, 0.0, 0.04210, 0.09288, 0.04628, 0.10182],
[50, 54.29, 0.22562, 0.40679, 0.22932, 0.41076],
[100, 227.07, 0.23339, 0.42086, 0.23457, 0.42401],
[150, 518.15, 0.23460, 0.42467, 0.23626, 0.42699],
[200, 928.54, 0.23756, 0.42815, 0.24243, 0.44139],
[250, 1458.44, 0.23683, 0.43195, 0.23559, 0.42997],
[300, 2106.48, 0.24132, 0.43510, 0.24153, 0.43841],
[350, 2873.39, 0.22909, 0.40530, 0.22790, 0.40464],
[400, 3759.57, 0.24087, 0.43113, 0.23852, 0.43212],
[450, 4764.20, 0.23803, 0.43311, 0.23826, 0.43146],
[500, 5887.91, 0.23755, 0.43079, 0.23591, 0.43460],
[550, 7130.65, 0.23762, 0.43526, 0.23670, 0.43278],
[600, 8492.21, 0.23701, 0.42632, 0.23993, 0.43411],
[650, 9972.45, 0.24040, 0.43460, 0.23808, 0.43195],
[700, 11571.48, 0.24315, 0.43957, 0.23916, 0.43543],
[750, 13289.30, 0.23984, 0.43626, 0.23852, 0.43742],
[800, 15126.49, 0.24237, 0.43990, 0.24168, 0.43974],
[850, 17082.02, 0.23799, 0.43046, 0.24021, 0.43460],
[900, 19156.43, 0.24232, 0.43262, 0.23915, 0.43825],
[950, 21349.82, 0.24268, 0.43642, 0.24304, 0.43543],
[1000, 23662.28, 0.24208, 0.44040, 0.24133, 0.43907],
[1050, 26094.01, 0.23924, 0.43212, 0.23892, 0.43675],
[1100, 28644.90, 0.23883, 0.43609, 0.24025, 0.44172],
[1150, 31314.19, 0.24235, 0.43626, 0.24612, 0.43841],
[1200, 34101.84, 0.24440, 0.44073, 0.24206, 0.44056],
[1250, 37009.08, 0.23952, 0.43328, 0.23630, 0.43477],
[1300, 40034.52, 0.24190, 0.43626, 0.23990, 0.43576],
[1350, 43178.37, 0.24202, 0.43709, 0.24339, 0.44636],
[1400, 46441.19, 0.23814, 0.43460, 0.23844, 0.43576],
[1450, 49822.34, 0.23750, 0.43030, 0.23735, 0.43245],
[1500, 53322.32, 0.24181, 0.43709, 0.23964, 0.43659],
[1550, 56941.68, 0.23901, 0.42649, 0.23698, 0.43030],
[1600, 60678.79, 0.24093, 0.43775, 0.24307, 0.44470],
[1650, 64534.75, 0.24237, 0.43858, 0.24357, 0.44238],
[1700, 68509.97, 0.24066, 0.43427, 0.23980, 0.44007],
[1750, 72603.30, 0.24475, 0.44437, 0.24041, 0.44073],
[1800, 76815.37, 0.24233, 0.43891, 0.24034, 0.43659],
[1850, 81146.24, 0.24317, 0.44354, 0.24164, 0.43742],
[1900, 85596.54, 0.24257, 0.43858, 0.23969, 0.44205],
[1950, 90165.94, 0.23934, 0.43675, 0.24122, 0.44139],
[2000, 94853.98, 0.24084, 0.43427, 0.24294, 0.44305],
--- Starting trial: run-5
{'learning rate': 0.0005, 'max len': 50, 'batch size': 128, 'user hidden units': 50, 'item hidden units': 50, 'num blocks': 5, 'num heads': 1, 'dropout rate': 0.2, 'sse prob user': 0.08, 'sse prob item': 0.9, 'l2 emb': 0.0}
[0, 0.0, 0.04730, 0.10596, 0.04650, 0.10281],
[50, 54.83, 0.47776, 0.74404, 0.45346, 0.71374],
[100, 228.40, 0.56242, 0.81159, 0.53063, 0.78493],
[150, 520.82, 0.59224, 0.82632, 0.56448, 0.79834],
[200, 931.28, 0.60171, 0.83013, 0.57696, 0.80877],
[250, 1460.60, 0.60351, 0.83113, 0.58136, 0.81109],
[300, 2107.91, 0.61260, 0.83460, 0.58880, 0.81175],
[350, 2873.82, 0.61255, 0.83560, 0.59065, 0.81556],
[400, 3758.81, 0.61204, 0.83361, 0.58930, 0.81126],
[450, 4762.00, 0.61614, 0.83659, 0.59020, 0.81490],
[500, 5882.89, 0.61691, 0.83560, 0.58920, 0.81705],
[550, 7121.26, 0.61914, 0.84023, 0.59233, 0.81656],
[600, 8478.34, 0.62332, 0.83974, 0.59814, 0.81738],
[650, 9953.00, 0.62215, 0.83858, 0.59012, 0.81060],
[700, 11546.33, 0.62325, 0.83990, 0.59662, 0.81556],
[750, 13257.54, 0.62333, 0.84255, 0.59619, 0.81573],
[800, 15087.33, 0.62510, 0.84454, 0.60026, 0.81738],
[850, 17035.54, 0.62219, 0.83642, 0.59644, 0.81606],
[900, 19102.00, 0.62769, 0.84189, 0.60048, 0.81854],
[950, 21286.27, 0.62445, 0.84089, 0.59882, 0.81639],
[1000, 23589.79, 0.62649, 0.84139, 0.59704, 0.81738],
[1050, 26011.43, 0.62763, 0.84056, 0.59793, 0.81639],
[1100, 28551.18, 0.62532, 0.84139, 0.60049, 0.81805],
[1150, 31209.17, 0.62486, 0.84205, 0.60019, 0.81325],
[1200, 33985.93, 0.62952, 0.84056, 0.59965, 0.81755],
[1250, 36880.42, 0.62339, 0.84255, 0.59584, 0.81374],
[1300, 39893.99, 0.62765, 0.83974, 0.59970, 0.81540],
[1350, 43026.23, 0.62630, 0.84536, 0.60098, 0.81722],
[1400, 46277.00, 0.62704, 0.84305, 0.59681, 0.81291],
[1450, 49646.45, 0.62527, 0.84172, 0.59886, 0.81738],
[1500, 53134.70, 0.62442, 0.84089, 0.60211, 0.81738],
[1550, 56742.03, 0.62936, 0.83940, 0.59767, 0.81142],
[1600, 60467.04, 0.62633, 0.84536, 0.59696, 0.81076],
[1650, 64310.29, 0.62638, 0.84437, 0.59546, 0.81291],
[1700, 68271.74, 0.62397, 0.84205, 0.60019, 0.81556],
[1750, 72351.26, 0.62871, 0.84123, 0.59674, 0.81474],
[1800, 76548.45, 0.62662, 0.84652, 0.59664, 0.81656],
[1850, 80863.90, 0.62796, 0.84255, 0.60109, 0.81573],
[1900, 85296.69, 0.62886, 0.84454, 0.60107, 0.81391],
[1950, 89847.94, 0.63032, 0.83974, 0.59913, 0.81507],
[2000, 94517.47, 0.62813, 0.84238, 0.59538, 0.81325],
--- Starting trial: run-6
{'learning rate': 0.0005, 'max len': 50, 'batch size': 128, 'user hidden units': 50, 'item hidden units': 50, 'num blocks': 5, 'num heads': 1, 'dropout rate': 0.2, 'sse prob user': 0.9, 'sse prob item': 0.08, 'l2 emb': 0.0}
[0, 0.0, 0.04325, 0.09454, 0.04597, 0.10315],
[50, 54.54, 0.22899, 0.40695, 0.22536, 0.40281],
[100, 228.62, 0.23802, 0.43162, 0.23256, 0.42152],
[150, 522.09, 0.23932, 0.43493, 0.23683, 0.42914],
[200, 934.70, 0.24084, 0.43940, 0.23915, 0.43891],
[250, 1467.15, 0.24066, 0.44089, 0.23971, 0.43725],
[300, 2118.70, 0.23958, 0.43245, 0.23775, 0.43361],
[350, 2889.73, 0.24326, 0.44123, 0.24144, 0.43477],
[400, 3779.17, 0.24479, 0.43990, 0.23964, 0.43195],
[450, 4787.53, 0.24293, 0.44156, 0.24424, 0.43758],
[500, 5915.31, 0.24458, 0.44305, 0.24253, 0.44040],
[550, 7161.97, 0.24559, 0.44023, 0.24233, 0.43825],
[600, 8528.28, 0.24609, 0.44652, 0.24207, 0.44338],
[650, 10012.75, 0.25062, 0.45728, 0.24514, 0.44437],
[700, 11616.18, 0.25133, 0.45629, 0.24676, 0.44950],
[750, 13339.10, 0.25533, 0.46407, 0.25377, 0.45911],
[800, 15180.63, 0.25636, 0.46407, 0.25595, 0.46689],
[850, 17141.36, 0.25729, 0.46656, 0.25667, 0.46788],
[900, 19221.60, 0.25835, 0.46854, 0.25853, 0.46904],
[950, 21420.27, 0.26294, 0.47467, 0.25823, 0.46689],
[1000, 23738.32, 0.25503, 0.45629, 0.25069, 0.45315],
[1050, 26175.40, 0.26323, 0.47566, 0.25868, 0.46887],
[1100, 28731.15, 0.26168, 0.46457, 0.25786, 0.46159],
[1150, 31405.69, 0.26579, 0.48245, 0.26431, 0.47434],
[1200, 34199.03, 0.26203, 0.47632, 0.26236, 0.47368],
[1250, 37110.70, 0.26713, 0.47020, 0.26067, 0.45977],
[1300, 40141.22, 0.26779, 0.47715, 0.26455, 0.47583],
[1350, 43290.67, 0.27099, 0.48113, 0.26825, 0.48228],
[1400, 46559.55, 0.27490, 0.48626, 0.26810, 0.47930],
[1450, 49947.15, 0.26781, 0.47947, 0.26431, 0.47715],
[1500, 53453.96, 0.26536, 0.47285, 0.26403, 0.48096],
[1550, 57079.81, 0.27212, 0.48791, 0.26676, 0.48162],
[1600, 60824.41, 0.27155, 0.48675, 0.26623, 0.47632],
[1650, 64688.56, 0.27509, 0.48841, 0.26345, 0.47732],
[1700, 68671.61, 0.27671, 0.48990, 0.26904, 0.48560],
[1750, 72773.83, 0.27149, 0.48311, 0.26450, 0.48262],
[1800, 76995.23, 0.27334, 0.48940, 0.27086, 0.48858],
[1850, 81335.77, 0.27842, 0.49752, 0.27254, 0.49222],
[1900, 85795.96, 0.27611, 0.49752, 0.27028, 0.48609],
[1950, 90374.98, 0.27880, 0.49967, 0.27348, 0.49454],
[2000, 95073.07, 0.28139, 0.50530, 0.27820, 0.50464],
--- Starting trial: run-7
{'learning rate': 0.0005, 'max len': 50, 'batch size': 128, 'user hidden units': 50, 'item hidden units': 50, 'num blocks': 5, 'num heads': 1, 'dropout rate': 0.2, 'sse prob user': 0.9, 'sse prob item': 0.9, 'l2 emb': 0.0}
[0, 0.0, 0.04482, 0.09321, 0.04153, 0.09040],
[50, 54.57, 0.48479, 0.75017, 0.46094, 0.72235],
[100, 227.86, 0.56304, 0.80977, 0.52999, 0.78129],
[150, 519.66, 0.58416, 0.82235, 0.55638, 0.79719],
[200, 929.33, 0.59228, 0.82285, 0.56196, 0.79421],
[250, 1457.21, 0.59324, 0.81772, 0.56581, 0.79834],
[300, 2103.27, 0.60029, 0.82318, 0.56890, 0.80066],
[350, 2867.38, 0.60102, 0.82202, 0.56771, 0.79669],
[400, 3749.33, 0.59948, 0.82020, 0.56426, 0.79172],
[450, 4748.96, 0.60003, 0.81689, 0.57028, 0.79288],
[500, 5866.73, 0.59842, 0.81772, 0.56972, 0.79437],
[550, 7102.86, 0.60251, 0.81854, 0.56883, 0.79520],
[600, 8457.50, 0.59748, 0.80861, 0.56634, 0.79172],
[650, 9929.89, 0.59871, 0.81126, 0.56696, 0.78659],
[700, 11520.15, 0.59745, 0.81374, 0.56832, 0.79106],
[750, 13228.38, 0.59574, 0.80927, 0.56729, 0.78742],
[800, 15056.24, 0.59270, 0.80596, 0.56423, 0.78361],
[850, 17002.46, 0.59375, 0.80728, 0.56900, 0.78460],
[900, 19067.08, 0.59405, 0.80629, 0.56164, 0.77930],
[950, 21250.18, 0.59655, 0.81093, 0.56636, 0.78361],
[1000, 23551.27, 0.59332, 0.80695, 0.56285, 0.78344],
[1050, 25970.78, 0.59607, 0.80695, 0.56529, 0.78113],
[1100, 28508.95, 0.59630, 0.80861, 0.56526, 0.78626],
[1150, 31165.40, 0.59459, 0.80613, 0.56219, 0.77815],
[1200, 33940.52, 0.58927, 0.79917, 0.56135, 0.78030],
[1250, 36833.88, 0.59328, 0.80563, 0.56229, 0.78096],
[1300, 39845.21, 0.59300, 0.80149, 0.55503, 0.77483],
[1350, 42973.91, 0.59393, 0.80033, 0.55612, 0.77086],
[1400, 46219.61, 0.59009, 0.79868, 0.55728, 0.77483],
[1450, 49583.47, 0.58891, 0.80033, 0.56074, 0.77748],
[1500, 53064.88, 0.59175, 0.80248, 0.55805, 0.77318],
[1550, 56664.10, 0.59632, 0.80132, 0.55930, 0.77500],
[1600, 60381.37, 0.59314, 0.80149, 0.55807, 0.77682],
[1650, 64215.95, 0.59435, 0.80397, 0.55906, 0.77616],
[1700, 68168.31, 0.59167, 0.79950, 0.55501, 0.77682],
[1750, 72237.99, 0.59382, 0.79868, 0.55552, 0.77533],
[1800, 76425.30, 0.59371, 0.80017, 0.55515, 0.77285],
[1850, 80730.51, 0.58713, 0.79752, 0.55333, 0.77152],
[1900, 85153.73, 0.59059, 0.79934, 0.55391, 0.76937],
[1950, 89695.36, 0.59636, 0.80232, 0.55646, 0.77632],
[2000, 94355.06, 0.59089, 0.79669, 0.55600, 0.77136],
--- Starting trial: run-8
{'learning rate': 0.0005, 'max len': 50, 'batch size': 128, 'user hidden units': 50, 'item hidden units': 100, 'num blocks': 2, 'num heads': 1, 'dropout rate': 0.2, 'sse prob user': 0.08, 'sse prob item': 0.08, 'l2 emb': 0.0}
Traceback (most recent call last):
  File "main.py", line 168, in <module>
    run('logs/hparam_tuning/' + run_name, args, hparams)
  File "main.py", line 100, in run
    model = Model(usernum, itemnum, hparams)
  File "/home/vedantc/exp/git/SSE-PT/model_v1.py", line 25, in __init__
    reuse=reuse
  File "/home/vedantc/exp/git/SSE-PT/modules.py", line 121, in embedding
    regularizer=tf.contrib.layers.l2_regularizer(l2_reg))
  File "/opt/conda/lib/python3.7/site-packages/tensorflow_core/python/ops/variable_scope.py", line 1500, in get_variable
    aggregation=aggregation)
  File "/opt/conda/lib/python3.7/site-packages/tensorflow_core/python/ops/variable_scope.py", line 1243, in get_variable
    aggregation=aggregation)
  File "/opt/conda/lib/python3.7/site-packages/tensorflow_core/python/ops/variable_scope.py", line 567, in get_variable
    aggregation=aggregation)
  File "/opt/conda/lib/python3.7/site-packages/tensorflow_core/python/ops/variable_scope.py", line 519, in _true_getter
    aggregation=aggregation)
  File "/opt/conda/lib/python3.7/site-packages/tensorflow_core/python/ops/variable_scope.py", line 873, in _get_single_variable
    (name, shape, found_var.get_shape()))
ValueError: Trying to share variable SASRec/input_embeddings/lookup_table, but specified shape (3417, 100) and found shape (3417, 50).
